0,6014.869369865977,2913.731474257084,5440.620666966612,1766.728403299238,8860.352400675052,3672.724652100165,6153.259361495346,5169.025579050472,4633.790401688973,3333.342288878165,11518.62046336248,8810.461997920474,3308.864335544945,3550.335978206304,4715.635702428249,824.6226510236195,2791.641672869072,5058.494191200239,1710.175420600327,8979.012373082987,1499.999999999999,2117.423175894106,1883.427372906299,4162.087849828415,2057.100833721971,3002.397950211672,697.0110652156014,7231.716214078639,3416.667657577606,8167.312728476713,5507.737015734408,3383.333434814935,2883.741058984067,10663.29336358836,6556.532534444435,6776.435750907916,9722.091807775427,10321.27657208568,3211.937444286361,2095.733651714121,4682.706484781203,4831.974433195056,3536.345470155309,4166.482569643885,4838.419701696542,1143.198848359688,973.2784784449955,3633.33351689859,9360.668693150619,2783.677479182425,3896.116229505699,866.7981720894593,1133.483563067834,1557.163623506568,5663.015962259305,3840.090895020029,2545.011797241558,883.4599593086214,2951.157188205569,7665.94494729172,10961.67516840656,6716.669099355272,10027.98505292842,10142.76564139065,1776.187593242457,6843.649779203229,11576.35196534509,2416.820405678881,5371.396608348039,5724.471510731392,6524.416323166834,3294.675593677068,1767.880118768529,5437.193227066786,3931.088786958328,544.9959851568697,7288.048828274751,1916.631780765578,2302.633054754349,5096.200560379725,5312.007466363841,1734.741589523132,2309.190696859659,8137.111815374077,2115.909580699771,7523.819912725779,3620.791137637489,3657.543423854292,3721.052331175615,5422.145567392786,9904.328798963563,8764.674433806475,3372.723797474795,5903.617411942656,1926.779506522561,8650.248646473206,1103.501213236851,8874.03582902209,5206.015933709721
6014.869369865977,0,8297.881190782206,2039.312512370202,4704.548882764599,3275.57968886753,3018.728550961454,1399.056882990276,2119.279830545033,2223.420652559425,7992.084468034853,17394.51768090231,14657.58914391824,8694.723159339768,5316.668174041691,2126.256941943521,6836.632807595765,4725.321719569451,9695.530470286463,4472.180219561592,14821.52037144826,4835.816071547148,7234.183880913164,7015.131957505702,9720.159086769565,7667.607746901547,8326.627003575808,6472.037672379305,12457.77948273117,5583.399288750934,2212.443481727959,10470.37687658238,5566.776109813475,5337.643447276636,5076.409192597412,12004.79756086187,11513.44594485595,3758.852113119579,4344.739107106145,8245.174855328511,4112.138464762316,1833.490870122852,1351.857762576648,5066.67054734044,2599.999999999999,9644.161454167752,6154.502074501056,6986.623030722933,8182.644354798157,3348.157537960647,5356.335654971498,4450.319178364333,6332.876341673269,7037.187594327977,7565.98010143823,10562.62091028381,3550.00330621923,4752.174375968119,6808.105072342806,5446.682741767075,12401.83815210537,16824.5773881972,11555.90314476699,4043.158341462965,16149.74417968529,4830.702896955405,12234.24534562638,17444.1621051627,4743.49881871942,10527.80505489031,1114.512838227346,632.5012063288308,4833.786455825321,4391.349124403695,10399.99999999999,2270.816126883848,6413.889245806744,11550.98766521545,4268.362038351936,7954.246479952565,9781.030692552627,10616.33901882309,5392.286893644757,5645.364049766854,2685.698200344922,4532.023327751892,11848.75042695752,4616.6667,8793.60907344875,4983.354714572406,10641.77805910301,3929.669670557725,2752.128299384269,8462.925069135208,10543.1306571262,4591.48544670107,3158.683453823779,6112.324407790289,3220.811443722239,1933.95081811345
2913.731474257084,8297.881190782206,0,8259.910477951285,3593.842292557932,11406.74754391259,6494.538125229694,8825.94139898301,7987.468882167303,7417.690933368075,1130.264924377731,9154.505584062692,6417.716814843681,408.6836222285663,6422.2532632785,7489.342616827616,2305.115918500508,5699.955524295493,2201.857934635483,4540.716978332908,6576.387084203535,3479.116145876168,1077.718467938373,1284.010422306898,1426.759965431348,870.2024511198294,104.0041911525952,3254.346730531494,4343.770645558743,6278.998334805736,10254.20648287051,2601.589333304834,6246.353711595768,5760.052440482747,13235.28152089444,3746.546818399428,3881.471275456372,12053.94823826456,12369.57139279419,511.7229946912047,4901.499420201566,7365.695434601117,7348.107033525316,6419.871906271877,6966.513862518647,1966.66709899365,3973.91976552209,2317.636640485608,1288.188348937343,11533.57863471803,5660.01908647963,6801.633900078175,2131.035558419126,2766.668212871506,2052.515621999625,2762.051789447577,6741.449663028406,5455.48216812298,2784.311637113666,5821.475649834509,4763.378786506507,8578.087005808828,3811.387692053801,12100.67134238443,8488.644414906072,4688.10867147236,4006.965528087753,9197.461158211119,5328.94296936202,2459.011462291284,8359.293798087388,8882.443401758852,6191.963616234721,4579.812038780422,6827.825017870262,6548.996638285676,3075.644438483769,4436.405478034643,4728.111664974161,666.7603368382353,2233.64275559627,2423.484524304922,4626.467248767275,5175.50706780502,10711.67359277012,5021.968886360023,4666.682006072027,6523.364631777151,766.6670281832496,6606.678713352429,2516.560907705271,11960.1138151029,10950.64293094952,520.0209557629759,3033.390926897927,4827.753910941587,11225.07675152484,3942.401897437308,11394.01691838585,7995.567857467528
5440.620666966612,2039.312512370202,8259.910477951285,0,4993.431374410443,3836.668978685052,1770.688186676087,1167.055459642137,272.5888342599789,864.0512955347534,8403.181636666313,16877.14466885574,14202.7870512492,8667.175812586169,3489.866338808177,812.1295951541626,6212.306092237704,3153.510642705631,10175.87525056766,3739.03874680677,14372.67439731466,4958.581791719108,7317.707535159806,7075.400065060318,9582.651411254916,7452.43598986949,8329.656064226459,5502.376401515578,12602.77841783486,3765.641335592546,4068.71410194568,10765.97804237407,3754.30689387523,3641.545327545379,5490.024593127477,11975.07213213345,11970.9395435267,5070.341426989729,6103.07110428435,8431.637675452968,3364.960031242,1100.034434183775,1457.53623045363,3251.391579618948,1294.472028543254,10019.07036814258,4949.745958397429,6294.664177820245,8671.170037923486,5027.071118696946,3685.708946563005,2609.335440090785,6128.960578378016,6111.266466818824,6795.293311502845,10900.3330854977,1838.826418140181,3280.885053893825,5950.038380460087,3723.427272075124,12873.73821172065,16332.26728722615,11950.0297613096,5795.313488053706,15067.55658628262,3754.870707952444,12252.4845334043,16940.36883090758,3336.820752697199,10696.83088137171,983.9410434456656,2232.462374708473,3082.082269693824,3691.362323808536,8524.935212379043,1904.540963966277,5555.082863486039,12296.41213671035,3541.59989973645,7716.379235798382,10234.23274892901,10683.39451252022,4117.050685293239,4082.782452350373,3114.002062343764,3396.772062386996,12561.47788489437,2811.434559336919,8934.859277850366,3145.496209164663,10769.24316728499,5705.850896854482,4467.197177860051,8622.014580556595,11042.07132412004,3554.683230615086,3579.938413523456,4934.044182908661,3907.614494001098,316.6819887015421
1766.728403299238,4704.548882764599,3593.842292557932,4993.431374410443,0,7850.793339324633,3313.736123473785,5372.776463955697,4728.934666509745,4129.415517401711,3433.864630051986,12719.28920882421,9979.835861215126,3990.191999366131,3722.172115637007,4184.064329075985,2505.408535251226,2882.982456845376,5202.08653575688,1552.643252605164,10141.75828324015,269.3521451089388,2530.733430753109,2310.61855085905,5017.874358650867,3010.336062150155,3622.303388193882,2423.09393823862,7802.942082699048,3651.99740553187,6691.01546277971,5865.11541429463,3617.332209307637,3101.485200335472,9680.61711166824,7308.039062870227,7013.014343577947,8460.114212353255,8826.367198771683,3572.335905757426,1834.126445274889,3963.986628179379,3827.448280711212,3669.745605658336,3723.603117329298,5076.938307651274,2343.310984350062,2687.545272445881,3686.442960453548,7955.079810168058,3014.849570175206,3956.319983762547,1753.723985488421,2899.999999999999,3261.574911818861,5980.520865681037,3733.637194972435,2641.607482522467,2650.000219753506,3191.818692565892,7915.586383835168,12145.98273587787,7013.656164258387,8548.831034006909,11735.17484417719,1884.206572012636,7545.811650172571,12765.89371951634,2510.42758463564,5869.441188312387,4887.105785215575,5293.750856587264,3400.372578252036,1561.208431349209,6977.143663788349,3127.982432972219,2301.700066322021,7304.31621147648,1687.679041451111,3296.21526552884,5267.768004231796,5930.371410211172,2125.35711730686,2710.733096142947,7171.936737867359,2123.846010168849,7568.091449015759,3697.497334892493,4112.772527361325,3839.477648855753,5971.109184439976,8413.034515168139,7368.269549205599,3783.951372257277,6068.516682426934,1933.397316638241,7681.775173538354,2289.160802200351,7829.025934161156,4692.441771223796
8860.352400675052,3275.57968886753,11406.74754391259,3836.668978685052,7850.793339324633,0,5353.250277342044,2771.954881538687,4052.432214355923,4395.809537121423,11221.34673711451,20374.03401795008,17654.64529230955,11811.65740654361,7313.628109295355,4297.407864991736,9678.520118472808,6957.743257714354,12946.68075907508,7181.06112988228,17821.8927389708,7930.256768946174,10368.5728485168,10138.67555929574,12809.71287680721,10703.37157175914,11449.46275193631,9126.076400889142,15651.84460649024,7590.611311374729,2336.776910649065,13690.61876340806,7581.102838543521,7476.058254474965,1829.939994049169,15146.95051402789,14767.18257761553,1336.879417493424,2504.098161592347,11422.44910804107,6793.28347284634,4199.735499600343,4065.441735195923,7080.877211298011,4855.844836427462,12876.5433157978,8662.831451270398,9798.540829190251,11427.80347926266,1610.563566963171,7517.558122161987,6435.149728701979,9347.433553812711,9727.122262005871,10348.74349997044,13792.1108873284,5657.073773610435,7055.408400831991,9530.525114242177,7559.873268449205,15659.74763339291,19813.53189655981,14799.75136457568,2241.199089982147,18811.57392101573,7376.577660909024,15392.25499363153,20429.98923395987,7088.999201216405,13718.17689443571,3147.756031445963,2643.333964393084,6918.636489996063,7112.267022860804,12265.29773463911,4930.652718134798,9127.192842383187,14826.55099332943,6969.109924671515,10985.56308390853,13028.2034335206,13779.21128036963,7839.102361919386,7898.027925351442,735.5306406996003,7032.020640248929,15124.19408655077,6645.706764630827,11963.51581537672,6967.438121172807,13821.80912218138,2219.18291550855,1614.009396207445,11634.73289006898,13799.91370345403,7148.600627011137,267.2513545881907,8636.146620022992,125.9921049894873,3908.421989709057
3672.724652100165,3018.728550961454,6494.538125229694,1770.688186676087,3313.736123473785,5353.250277342044,0,2582.62185601874,1498.319806037205,977.2014577078558,6683.80565743506,15141.96043256304,12455.15313089474,6901.159674168583,2302.331414095416,1068.584284084077,4453.002070095867,1710.446060804339,8454.099132570003,1968.467193677974,12624.67240923664,3251.826649375545,5566.687602042368,5324.035876618851,7812.103662824103,5682.401863916209,6566.433084144124,3793.826480945431,10838.25048026865,2567.071426181852,5217.883494316428,9017.948946576242,2550.237303683162,2318.964736951916,7102.168717767055,10204.86206205097,10237.67880257421,6426.197750932192,7310.032068098614,6683.343602093518,1595.070626089672,1212.370924517318,1667.222070784091,2052.515621999625,504.8419116529217,8283.570706838012,3309.887699539381,4543.576654585563,6961.411569047703,6256.114122598026,2338.30455941532,1476.573595658431,4363.685393523282,4400.848624896039,5060.682862745721,9156.379030568893,615.4101594997135,1754.618720697891,4222.406394324099,2428.003740170741,11139.35286952609,14592.83989435053,10208.85937393123,7002.778384564163,13458.32972489745,2035.52537037391,10483.12733264589,15203.40563580327,1764.286173718488,8937.605994146154,2233.177406043967,3378.006944965987,1816.69662595058,1920.857454829623,7383.677716161537,781.6825875890363,3822.221993294159,10608.94308547505,1771.180699052841,5945.792991537637,8508.175306114372,8917.745030777125,2489.596508349386,2642.286907675047,4617.847722842744,1684.122646096468,10866.66496135276,1607.301103458714,7179.537573841705,1977.380989237543,9006.918308153427,6901.563573338215,5673.862977575433,6869.879060116876,9318.505461141509,1817.902138428208,5118.263547529295,3282.905527687521,5394.838321126435,1537.492691965016
6153.259361495346,1399.056882990276,8825.94139898301,1167.055459642137,5372.776463955697,2771.954881538687,2582.62185601874,0,1342.513013146591,1625.065402372405,8804.743639380338,17669.12270100043,14963.69150577992,9234.348371894723,4641.328299692231,1526.041826288546,6961.459681581601,4201.573423441283,10567.81897293187,4452.612276092647,15132.18180535259,5395.874808573475,7825.329937399276,7587.514378560952,10199.96589625269,8072.299112574013,8881.449166817638,6366.360857586189,13137.3171146756,4915.279992058053,2907.846185432657,11232.24057626024,4902.206419900227,4747.651139249356,4527.615499431777,12571.04586109084,12383.1337770693,3922.039801362489,4936.050420904719,8916.859451216305,4063.923525883437,1472.602820537623,1584.473780596817,4397.810118954182,2083.963146465723,10449.68938063257,5891.322806742721,7070.563000437059,9046.820383850012,3860.19234719008,4782.775988640209,3762.135470207892,6719.642109056915,6970.447796994681,7608.772144636835,11351.6280429461,2918.508186905241,4289.343447791742,6781.134690410457,4840.391486469816,13284.95148827925,17113.92755240798,12386.43217163437,4628.272195904432,16040.45767092109,4611.784715395797,12832.36103859568,17727.83180019528,4319.281984433751,11210.14433079538,494.4888287383548,1157.790909803925,4203.191979977186,4388.8254811374,9691.752437851097,2277.069469330027,6378.388934937337,12597.72118960477,4242.149955504289,8348.563948532845,10636.91801106413,11234.63327375783,5067.147538231542,5144.584144875596,2036.432597967355,4264.358304686922,12876.86522133319,3951.270652310784,9442.599852060395,4299.392430732127,11298.63209065978,4538.828257966632,3300.244854803854,9119.632292614127,11432.87832877555,4386.931775060802,2535.681638710233,5865.234114896032,2819.267493336826,1170.153960208633
5169.025579050472,2119.279830545033,7987.468882167303,272.5888342599789,4728.934666509745,4052.432214355923,1498.319806037205,1342.513013146591,0,601.2316291240146,8135.257397067518,16611.68817628631,13935.12693951043,8394.700287736103,3299.16727646006,555.6661782142202,5942.240101934252,2916.002053302452,9907.869190338522,3466.752132124651,14104.95653534115,4691.114828495757,7046.390275751114,6804.035414713218,9310.154030530925,7179.871377483385,8057.356460465277,5239.192697661849,12330.42349019164,3573.482654709106,4233.522477863779,10495.11640218526,3560.773139412096,3424.652403109566,5727.565993751361,11702.51633819469,11701.73337911231,5260.727284741023,6273.935567421948,8160.64554050105,3092.409716828089,854.6669641726139,1259.920048328781,3056.552277739021,1022.704315922264,9749.505808478771,4694.77195752829,6025.875960604395,8404.388364909461,5199.20697199534,3465.192262571717,2419.687594852152,5856.49709706821,5848.152431520633,6529.023070267424,10629.90211857788,1606.387804880216,3034.26897418154,5684.507371020472,3511.512580077319,12604.44347718811,16066.07647573701,11679.93992063078,5965.930839085904,14821.86709789719,3488.941198460533,11979.89580740074,16674.61475152901,3085.355552031422,10424.88892104995,1133.745250676331,2386.222628001457,2871.456354028283,3418.877028505357,8354.316298357455,1650.978911005998,5288.693693263857,12032.80442639531,3269.100139653703,7443.897219924423,9965.739841531335,10410.9532766309,3862.054388830351,3850.986318852944,3324.723583742744,3131.057229564119,12296.95622237615,2611.581783536675,8663.22553390127,2956.93400667367,10497.04233255686,5875.139462618483,4636.156945011326,8350.663882459763,10773.92579754988,3286.661802528274,3799.213998938336,4677.638869536062,4117.97672011219,186.2258893062041
4633.790401688973,2223.420652559425,7417.690933368075,864.0512955347534,4129.415517401711,4395.809537121423,977.2014577078558,1625.065402372405,601.2316291240146,0,7540.454984588263,16117.36830739341,13427.69428276205,7825.68324443872,3099.239919627252,101.2489000767042,5422.423885921348,2586.569014616896,9313.183405987826,2924.092591150761,13597.06865192565,4095.598290148184,6464.172304120177,6222.2032469462,8754.033614294158,6621.549934799468,7484.692561259651,4770.186811360251,11757.88397222328,3368.318295291841,4404.276433995253,9909.721811451496,3352.665300402683,3156.850533249163,6130.396275185396,11143.07435880998,11109.93594272449,5518.537515321196,6466.297790261261,7576.218654521905,2541.899674496333,419.9646914132294,951.1235696266644,2850.087549255204,472.5543735192621,9158.884303623721,4271.894848249964,5516.893485096629,7807.532879985161,5399.133443607484,3185.853398067423,2230.073956572225,5288.359100856715,5377.569197694495,6037.245173008972,10042.46381811086,1336.146387260753,2665.872967811323,5199.556547241682,3257.189348965428,12012.87567613268,15567.45851919597,11091.05932492995,6158.136877538982,14420.56510560653,3011.719455527965,11416.83609609978,16178.49047081032,2694.227959000671,9847.132780198361,1324.683242283318,2553.955229927258,2629.041341391699,2870.313540512559,8180.252327110005,1053.341511617329,4799.199975799574,11432.6769276963,2720.51211594545,6889.252443405452,9372.136080829947,9840.527707582156,3444.971386749038,3529.856206802119,3660.494835218905,2658.677677126747,11697.48818097673,2399.602569454826,8082.98386033531,2764.042941855048,9922.324886497012,6062.612550641116,4825.972467926535,7768.403362071598,10179.51501192347,2795.103032058896,4155.676436381108,4247.828583892453,4444.289546039682,577.888369005446
3333.342288878165,7992.084468034853,1130.264924377731,8403.181636666313,3433.864630051986,11221.34673711451,6683.80565743506,8804.743639380338,8135.257397067518,7540.454984588263,0,9881.981486069837,7190.761517955686,1366.950037610063,6883.523347207893,7599.691359851855,2796.024400142766,6106.523523613617,1772.728903303243,4816.358941684615,7337.366267695263,3444.915447940026,1217.426218215594,1450.005871863011,2326.954264428854,1471.979839584865,1066.761610401914,3738.074554248932,4493.816512647035,6750.000270960578,9754.442591137615,2480.190377319561,6716.667623593999,6216.862874580618,13045.75341396831,4183.374634586742,3579.151366325754,11688.22261920395,11802.27577248133,651.86476262658,5138.932094075521,7395.930228717025,7247.508557102002,6867.842681537,7118.694055384481,1655.251960679869,4451.077044353371,2825.870982123191,302.1282111684793,11064.29639760507,6116.835644274115,7210.196221961746,2466.796552652466,3287.857264097249,2673.146852916132,2571.533833949557,7043.153837794071,5856.705684213501,3283.592737900212,6284.488242027011,4481.763039798518,9302.522356917812,3585.857496969004,11553.82096479919,9538.28622642437,5058.992835578761,4357.75177980245,9913.443454324924,5724.092726539783,2596.593171053758,8317.153798538951,8609.51679212437,6620.324331454683,4839.375189704303,7621.643290311851,6559.996176859111,3552.686048899896,3959.087814381398,4979.131357636174,1448.909207379103,1834.361673397137,2778.644981483262,5067.017264381818,5642.500002389424,10562.83038776089,5367.653565572968,4202.294544030889,6940.260647991328,1114.471314542191,7051.703305538295,2740.366602988283,11404.56422563513,10502.02924790386,850.0021358996264,2639.169264255502,5167.440745792416,11067.24423740842,4417.399223559396,11186.62712137643,8109.92242487237
11518.62046336248,17394.51768090231,9154.505584062692,16877.14466885574,12719.28920882421,20374.03401795008,15141.96043256304,17669.12270100043,16611.68817628631,16117.36830739341,9881.981486069837,0,2739.489948344998,8781.022263048959,14155.44554240518,16204.82323102759,10707.66845227014,13860.64692046089,8698.549974928292,13216.82718371536,2578.593269351717,12562.08949003474,10232.14231729558,10430.1526769581,7732.745520005058,9727.188380708938,9149.765674190499,11378.21618250096,5760.910239157627,13931.06164927662,19403.98299944013,7667.744031810351,13912.0181476482,13632.67105511202,22181.5012353617,5742.363186447597,7376.951765249139,21150.93786930634,21523.93577153269,9374.323697722994,13605.39327384463,16200.47670552649,16322.77469128021,14257.69188815975,15645.16676685249,8487.731350481074,11980.37065969192,10602.54628461967,9861.821065728451,20674.34716194097,13548.80494432342,14808.5606344778,11065.57596779425,10770.38453716419,10083.28888277682,7696.057850117825,15123.33193604817,13673.06771950412,10927.20470851905,13631.44794952412,6872.641290239474,579.6456287069918,7139.844117466056,21254.0388898445,3477.830887891243,13122.74929184335,5638.304219281915,93.88890081066614,13588.25426985146,7362.208188396799,17243.02474875542,17954.04629173373,14180.28991011917,13280.32220897042,12774.749638781,15443.66026460523,11323.53517377626,8547.540641112928,13427.02456157827,9440.432197685242,8566.824293170584,7114.957656277994,12799.8274124651,13057.23538515797,19653.79794863587,13480.65586998386,8235.318635324918,14525.52836167952,8832.758372718868,14438.46309129575,7191.611653258122,21114.11450362101,20087.27956503443,9149.904954548898,8156.450942994192,13328.2674879379,20167.47722869401,11983.95770936209,20382.27354871079,16677.40015247156
8810.461997920474,14657.58914391824,6417.716814843681,14202.7870512492,9979.835861215126,17654.64529230955,12455.15313089474,14963.69150577992,13935.12693951043,13427.69428276205,7190.761517955686,2739.489948344998,0,6047.577791170065,11610.80812810294,13513.25340167222,8007.161993945433,11235.04996297721,6109.353543532884,10515.38714502642,170.5743471572876,9823.919158262883,7495.052774910741,7691.597062557843,4998.789714393038,6989.990456980569,6415.477938584104,8720.677383912276,3283.476445064295,11399.62026418687,16664.80539782536,5075.472272134766,11377.44904524582,11053.37889310816,19466.89011913111,3132.63575364313,4918.719456594548,18414.88631786755,18786.15773541843,6656.726430065988,10903.21053459566,13492.64311624509,13597.85500686152,11693.96285764056,12956.45997790255,5865.091238932009,9350.873039363549,7911.612291782215,7191.701280015578,17934.87576816706,10965.29550753974,12220.31100012717,8331.771879399128,8116.864166673667,7410.760168243707,5125.0908709236,12475.1436226577,11036.35330515556,8258.538281348221,11063.84091530968,4468.754062755467,2167.065966502295,4668.060953787405,18515.56201545396,2835.942273341313,10449.4193472897,3077.132836521402,2786.825136086435,10944.26167039832,4729.630122191204,14531.08946311955,15219.71786489195,11587.74212169108,10576.60003276731,10708.43530790661,12726.44992825555,8649.42822326526,6138.683949872184,10724.3613479939,6703.408395306,5975.632654192482,4451.94540299328,10158.56264784267,10467.23235074122,16937.31970789224,10807.61253321067,5834.130288436058,11934.80726739345,6120.722179330077,11878.37078514368,4551.396949949346,18375.98061595623,17347.90668758008,6433.156098816839,5634.866069338124,10648.46936645397,17451.52361755682,9349.194782475952,17659.88716295092,13992.48662562165
3308.864335544945,8694.723159339768,408.6836222285663,8667.175812586169,3990.191999366131,11811.65740654361,6901.159674168583,9234.348371894723,8394.700287736103,7825.68324443872,1366.950037610063,8781.022263048959,6047.577791170065,0,6800.203743288459,7897.531826525078,2682.648847353467,6089.857030155286,1851.204445379166,4945.411230430728,6204.575173959412,3882.462959454431,1463.100432275327,1679.894754191851,1048.803274732527,1255.213750956906,370.1572492823277,3628.874477390435,3937.805219147986,6654.055849355891,10636.84796739966,2222.831347667888,6621.685416323076,6139.978611546481,13640.48867913471,3339.018711105453,3507.257944108986,12449.16734330757,12746.63046554764,716.6697046322785,5307.579426160461,7774.339889325295,7754.339353016942,6801.124117291332,7374.01000564132,1602.956173642128,4349.309176108011,2689.703167098003,1461.379034231003,11920.05454606106,6040.077726803412,7189.740910343846,2538.23233491266,3134.24973634548,2416.673834342595,2386.634238734075,7141.621172035621,5846.589277326719,3155.579261450628,6199.598507145132,4384.078676368301,8203.555920284569,3431.224452987118,12479.7964123052,8194.185995803051,5084.651960122938,3598.35315622033,8822.354440685449,5721.144714247904,2063.024380391495,8767.328643835077,9281.845998208646,6577.481991244064,4985.286168511444,7091.549236438697,6957.360349540218,3453.825321939537,4074.711181258195,5133.796274767147,1036.498817080402,1874.418621782247,2016.6078208307,5012.196954764477,5553.191258497913,11117.6884943228,5420.554449934669,4300.888518567469,6910.462594531693,433.1020945999016,6988.36865818467,2114.751840545348,12338.21131572409,11338.60201704828,519.6097806950572,2666.824893736388,5227.264113213829,11630.93265202934,4318.861405222642,11798.02688405783,8403.568421984104
3550.335978206304,5316.668174041691,6422.2532632785,3489.866338808177,3722.172115637007,7313.628109295355,2302.331414095416,4641.328299692231,3299.16727646006,3099.239919627252,6883.523347207893,14155.44554240518,11610.80812810294,6800.203743288459,0,3198.758564951004,4117.834197828486,886.4904756270305,8605.994558628407,2176.600350616371,11780.66147663558,3602.959794718523,5667.612476384445,5433.751565998122,7539.881694440677,5552.082398983599,6519.353560747993,3172.986146555585,10637.50096454597,277.3445559643448,7503.032847486907,9022.33451449558,272.5888716435899,666.6701722246252,8894.281686005721,9879.368979513896,10303.69145233931,8558.574679097837,9561.150589325089,6756.266699628941,2016.723947708562,3483.460479921739,3966.764776079307,250.0246890678925,2716.672345665422,8379.253088594787,2452.491604958544,4113.514601952432,7183.399105122819,8489.699748314624,766.687703350515,880.5358511768155,4416.745809423957,3696.677550550313,4437.350714232821,9184.172534363841,1766.773493113113,1091.914800639377,3651.808132943313,600.7840921698956,11184.09739669744,13645.53202093388,10231.34919066498,9252.939921439272,11903.18466777571,1852.811216176097,10187.42181935769,14229.46452578072,1217.33249912701,8850.332880892285,4412.516016708973,5652.866167891902,509.0035442336824,2180.912436723177,5083.334912469272,3075.644542141083,3346.797829623689,10838.07157934298,2091.033195646804,5764.083120872394,8641.715281479037,8748.428403482645,1816.666700000001,1247.012541078196,6598.49281884437,1615.878680693376,11072.64311335395,700.0850236860053,7184.749485623482,346.6805909512332,8882.390567907478,9159.257730892243,7921.143640612138,6910.631757954969,9446.383629834188,1791.770629961783,7052.209643893113,2481.62105172478,7391.05350491642,3473.845863467735
4715.635702428249,2126.256941943521,7489.342616827616,812.1295951541626,4184.064329075985,4297.407864991736,1068.584284084077,1526.041826288546,555.6661782142202,101.2489000767042,7599.691359851855,16204.82323102759,13513.25340167222,7897.531826525078,3198.758564951004,0,5507.012712402918,2687.667193389183,9372.365686009796,3005.506058644819,13682.54283407624,4154.861928423892,6531.030972378453,6289.288903095804,8829.718703066903,6696.981186413602,7555.301055324495,4862.409041373543,11828.09299812878,3468.061847842848,4305.142757262171,9974.61839648091,3452.497523088432,3257.94086188497,6035.392538093643,11217.56684472092,11171.09228616537,5417.34627549064,6365.95666900131,7641.839845184525,2621.829001537144,367.0041552832253,890.5392127894513,2949.747024868022,564.0455147897457,9220.922323567229,4368.586850601959,5603.333533064383,7864.922546848639,5298.473590449437,3287.049299313864,2329.075174254933,5361.080312552637,5469.391410831147,6126.149855595585,10106.28135821931,1436.553311603808,2766.110873285064,5289.657728222899,3358.10914135028,12074.13720729389,15654.2962868907,11154.00418704682,6057.785066809352,14517.60203716646,3104.069238775979,11490.22670869218,16265.6765610161,2793.57749059548,9915.485475730513,1223.528902074075,2454.815600380413,2729.598007884477,2950.328725080534,8279.227490355173,1095.317525122095,4888.846347577835,11485.6662768519,2800.702255330741,6965.658306335882,9432.142602367921,9911.643566878167,3542.441422755404,3630.921225622965,3561.996465424595,2751.953043451639,11751.5790995157,2499.276556275529,8150.477439993182,2863.263545252793,9991.867925545324,5962.448533392489,4725.619367539834,7835.03222373329,10238.85953586724,2885.858667478265,4058.1054374597,4344.003442808993,4345.043726843609,510.6062707363582
824.6226510236195,6836.632807595765,2305.115918500508,6212.306092237704,2505.408535251226,9678.520118472808,4453.002070095867,6961.459681581601,5942.240101934252,5422.423885921348,2796.024400142766,10707.66845227014,8007.161993945433,2682.648847353467,4117.834197828486,5507.012712402918,0,3429.318231597257,4500.03901807473,2509.386728885042,8176.254071328925,2244.397344062915,1585.177941753761,1379.358352405523,3462.988615285627,1435.391616192673,2403.255344570597,950.213693421212,6557.98386662569,3973.91976552209,8981.76267212767,4904.500356237872,3941.24801575545,3457.408826327623,11477.72879349113,5846.028613543879,6186.445402517587,10546.67994754938,11135.7968024148,2650.000219753506,2897.818414758207,5493.58389723805,5655.813169822928,4119.02550135526,4952.142818364737,4267.990836024514,1668.939056746794,183.3792016545287,3098.054818722228,10181.08243203474,3357.548084138219,4519.547966649172,816.2082719892068,549.1773774797414,759.1472429689154,5066.563746770213,4555.028671725391,3193.351084367966,488.1017962580112,3517.139394431178,7066.28450801274,10153.13518602609,6113.582438119916,10843.72824106826,9328.451791951155,2486.298570962628,6142.060241816869,10766.55892076979,3075.315564944381,4737.491792357935,6538.750504333929,7348.679380838164,3901.277846314825,2572.724423051133,5207.758301977709,4751.523069845199,771.1768769344078,6735.277962263833,2719.370157912972,1647.321386067525,4533.640952904625,4649.743694201319,2339.683639105432,2870.871058238525,8953.666391147563,2839.910285788111,6966.921060065096,4237.736363420463,3069.717384567454,4306.521430561154,4775.130640971747,10718.90989830277,9585.201736112249,2800.261966717466,5335.282394661972,2665.001324662466,9466.223546789539,1637.291377512658,9694.028778653994,5990.199725661793
2791.641672869072,4725.321719569451,5699.955524295493,3153.510642705631,2882.982456845376,6957.743257714354,1710.446060804339,4201.573423441283,2916.002053302452,2586.569014616896,6106.523523613617,13860.64692046089,11235.04996297721,6089.857030155286,886.4904756270305,2687.667193389183,3429.318231597257,0,7843.378149530085,1330.431125721414,11405.621073723,2779.509907314761,4899.461294643544,4662.500177244433,6891.962196318146,4834.643389102356,5791.317996283374,2546.834826842829,9986.9753576576,974.554006171236,6927.679400058524,8298.212976515146,946.7589154240075,618.0555034246136,8642.484548249595,9269.794405302151,9568.055617906994,8104.685344980059,9019.368046030055,6001.331471571129,1130.602981193118,2917.307763005993,3373.549140554821,790.2486470469213,2158.875080132019,7628.287842534002,1884.183099091709,3456.505961900915,6404.429480520566,7962.319095059945,633.337147337758,1105.19934435798,3644.676430321879,3133.10871263765,3866.542241336324,8454.360103934345,1315.631530860926,250.0246890678925,3029.497575187441,730.8810224993724,10457.35336790107,13329.23912823125,9507.562942413157,8711.913463678537,11918.92899944136,1050.001399743382,9568.637836377316,13928.59559537184,383.3332999999983,8152.245733396245,3907.063958514254,5088.199412710574,518.6420279110641,1324.201488732631,5689.299159965653,2466.851583872644,2674.660267981176,10065.30594110867,1217.332407277851,5064.530253101807,7883.191639707928,8075.887868580897,1096.786839184171,943.4296937256286,6225.366504767489,759.1472429689154,10304.90879892808,833.8131237084287,6448.923093817051,956.9528563818279,8196.200414652101,8611.424102375218,7381.992760990583,6164.04751949212,8692.043106240777,953.7419546646796,6708.814339884563,1887.36180476637,7015.453490154268,3049.433893125846
5058.494191200239,9695.530470286463,2201.857934635483,10175.87525056766,5202.08653575688,12946.68075907508,8454.099132570003,10567.81897293187,9907.869190338522,9313.183405987826,1772.728903303243,8698.549974928292,6109.353543532884,1851.204445379166,8605.994558628407,9372.365686009796,4500.03901807473,7843.378149530085,0,6573.973527991597,6240.390178192102,5217.637208176732,2943.933827452185,3181.575676827892,1718.677272030887,3066.702043826288,2101.180364385255,5450.11414401669,3011.113286149317,8469.356722497778,11361.64394644207,1034.517126201439,8436.210624387704,7940.061290423278,14765.3387417397,2977.510639846351,1821.154631101459,13348.88102391467,13355.29513191231,1850.32864869824,6902.316917403126,9165.811623205558,9003.517125172491,8594.450763271267,8890.912736865808,328.4996493346267,6167.227542411074,4516.668642454981,1522.967452502916,12678.85554963362,7839.920586995033,8948.444057769339,4198.762495773109,4966.922831597386,4254.323253199466,1007.854807129671,8802.532976298104,7594.335556451054,4983.333362142354,8005.90546290141,2719.09951609751,8126.030531164899,1868.354813473823,13121.25407860889,8700.447546675203,6801.21469236026,3060.355151919377,8718.528000198408,7462.854543824728,1401.047183150037,10078.54807129671,10319.67208460702,8352.342680966927,6599.19574530364,8922.871578251605,8329.784035917422,5267.111647636317,2235.355641467404,6740.473988332849,2868.404661818144,134.0241630862284,1716.680838821638,6792.961701386459,7362.244957193368,12299.2673219951,7115.818033507373,2467.104898252481,8675.903838810711,1438.073647086359,8779.419815681096,1584.396298134292,12967.56978364638,12130.55249429188,1700.014417409446,866.7016622744238,6916.08682232636,12800.17518217343,6134.140657693086,12905.88661966548,9882.560358854322
1710.175420600327,4472.180219561592,4540.716978332908,3739.03874680677,1552.643252605164,7181.06112988228,1968.467193677974,4452.612276092647,3466.752132124651,2924.092591150761,4816.358941684615,13216.82718371536,10515.38714502642,4945.411230430728,2176.600350616371,3005.506058644819,2509.386728885042,1330.431125721414,6573.973527991597,0,10684.2794647512,1452.472989564702,3647.491299537315,3405.567989074796,5844.795322811751,3717.212502628656,4617.325393615018,2001.384458083438,8883.013801932271,2134.151197391845,6671.243110901872,7093.286169241102,2099.823602215184,1593.73514790179,8972.757789239153,8238.430062704267,8334.690282535583,8109.136278779034,8815.152097227414,4764.425288967069,388.7591717917877,2987.127201262717,3204.250374000224,2117.382153854954,2458.039672541215,6381.873897936575,1720.84583536006,2619.428404602364,5107.419520916306,7813.156234477956,1522.331830738064,2416.859212482689,2415.319681766444,2578.472846485362,3168.561396522045,7238.343041324337,2228.679263785816,1089.991810392137,2363.19976811397,1695.973525267401,9233.016353915496,12662.51995688272,8293.441729387516,8514.75484366644,11705.02211525826,464.6740794983247,8518.662813643659,13275.89317482579,960.2310389562173,6993.289556743076,4035.69771144248,4936.041937961335,1848.25649826519,83.55492977347892,6187.760931757087,2274.712762205147,1961.560376527977,8770.681971804517,212.0660295978487,3978.474718806448,6621.101252224133,6961.283409632693,1023.949645003433,1433.985870188827,6452.930123163497,571.4322564756897,9017.92064216723,2152.28742594133,5245.453129349187,2287.181839898009,7056.789729978895,8399.300649524082,7218.32918663393,4942.860117778902,7432.754445380797,385.5157408295789,6964.141060956506,1672.56138397427,7202.243606360662,3497.431079419676
8979.012373082987,14821.52037144826,6576.387084203535,14372.67439731466,10141.75828324015,17821.8927389708,12624.67240923664,15132.18180535259,14104.95653534115,13597.06865192565,7337.366267695263,2578.593269351717,170.5743471572876,6204.575173959412,11780.66147663558,13682.54283407624,8176.254071328925,11405.621073723,6240.390178192102,10684.2794647512,0,9987.319402767354,7653.931692488964,7851.56302149559,5155.923598082998,7154.055762125663,6572.869052612518,8891.059836932433,3400.91540056853,11569.22442937884,16825.46280976815,5206.07075019318,11547.11071132005,11223.70077594265,19634.57818657961,3262.895550882752,5036.506145397288,18579.10623063704,18945.55590627965,6808.843551620662,11072.04138721625,13661.00775788913,13764.51747084412,11864.11280529697,13125.88817787828,6000.292932782098,9521.444630769445,8081.173570674257,7334.628528449326,18096.63605470676,11135.65989576045,12390.74765320291,8496.957191700983,8287.314456059161,7580.929483398041,5253.169616208357,12645.56258855491,11206.88725494898,8428.748505940732,11234.01978281289,4584.013529627989,2004.230569677527,4786.478047055774,18675.47410667151,2786.684078076663,10619.435701379,3201.149729658699,2624.141842096949,11114.74554342861,4865.365587537261,14699.10895561647,15384.52803656126,11758.20212204426,10745.35115376482,10862.14559339633,12894.04703718873,8819.496772320184,6255.278993992672,10893.17113144433,6867.576118532786,6106.821923095574,4592.232317345012,10329.07890441944,10637.64660216812,17104.87831475077,10977.62428099305,5950.214151954547,12105.25904740948,6271.376743731606,12048.47681475909,4688.108784256266,18535.62452989137,17509.98634005657,6585.019193004576,5758.175226830827,10818.29487878037,17619.12233287442,9519.753645868966,17826.78901982564,14162.03584089117
1499.999999999999,4835.816071547148,3479.116145876168,4958.581791719108,269.3521451089388,7930.256768946174,3251.826649375545,5395.874808573475,4691.114828495757,4095.598290148184,3444.915447940026,12562.08949003474,9823.919158262883,3882.462959454431,3602.959794718523,4154.861928423892,2244.397344062915,2779.509907314761,5217.637208176732,1452.472989564702,9987.319402767354,0,2440.861508729989,2208.785763313946,4892.693494419829,2836.01270981355,3519.309517763051,2154.605235944005,7746.483408591886,3516.65189171284,6871.856059834989,5839.512941943805,3482.018866947364,2965.701598656324,9759.612969830847,7216.743440724401,7017.670155157529,8594.603248028305,9015.683345116229,3521.227147637518,1750.032249245964,3962.831151044187,3880.01672945565,3561.170671930357,3676.762694280923,5070.438126971045,2080.010714265787,2425.294340536087,3713.942657966171,8121.386709257469,2874.824808137898,3868.092946600359,1532.003747242206,2633.361217606961,3002.386883774077,5963.671743646445,3653.124865081025,2533.348661649326,2383.350787328238,3051.266997150094,7920.819837505464,11990.97759304786,7006.174273504031,8733.898594873644,11505.95549429664,1752.024813212372,7464.430397340489,12610.73645862969,2400.595404538481,5816.382605209079,4917.079016004273,5409.62686173672,3298.128919477298,1467.383651158844,6714.381190843059,3129.306518028761,2034.153114074956,7357.194900047005,1600.038579374546,3122.950892175428,5277.389742970584,5855.189739215745,1934.548041702126,2530.481499890416,7240.076726494222,2022.578192074578,7615.126789107146,3604.674047027592,4050.369377734331,3736.1831672759,5909.121197621328,8600.878961141552,7531.089125812895,3725.544690731827,6084.055368936867,1825.824132150197,7752.45398004802,2025.709775068841,7915.614931106517,4665.184541874636
